1838
1827
1834
1841
1843
1834
1827
1825
1830
1830
1825
1803
1876
1830
1813
1822
1889
1838
1860
1829
1838
1844
2077
1776
1761
1800
1595
1634
368
1677
1533
1808
1773
1882
1885
1231
1879
1798
2541
1787
1814
1827
1794
1827
1840
1839
1830
1831
1852
1853
1842
1817
1318
1309
416
4095
1833
107
710
4019
1801
1999
1303
1620
2242
1747
1661
1964
1036
1847
2289
1584
1785
1874
941
2702
848
2879
1851
571
1797
1504
1314
947
1345
2768
1883
1904
1856
1599
1599
0
1847
579
2288
1879
2336
910
1847
1710
1363
1854
1727
4095
1842
1982
1027
1854
1275
2059
0
1124
1839
583
1808
1456
1919
1872
1850
1727
1763
2241
496
1535
1793
1851
1819
1812
1840
1837
1845
1839
1821
1821
1840
1846
1837
1842
1746
1825
1813
2017
1857
1821
1838
1829
1835
1856
1859
2847
1613
2174
1842
1836
1840
1841
1857
1808
